missing_organism_annotation	.	93.560	8571	443	18	7679	16195	18	8533	0.0	12985
missing_organism_annotation	.	91.210	3993	268	8	6242	10231	13487	17399	0.0	5658
missing_organism_annotation	.	89.544	3615	312	18	505	4073	3726	7320	0.0	4794
missing_organism_annotation	.	84.346	4114	399	32	16858	20927	13487	17399	0.0	4592
missing_organism_annotation	.	90.310	3261	223	20	18163	21403	3687	6874	0.0	4450
missing_organism_annotation	.	90.675	3142	214	10	7422	10526	3687	6786	0.0	4372
missing_organism_annotation	.	90.362	2874	212	8	11622	14466	18	2855	0.0	3957
missing_organism_annotation	.	91.713	2727	184	11	505	3221	14705	17399	0.0	3887
missing_organism_annotation	.	90.072	2770	232	4	11369	14135	14670	17399	0.0	3777
missing_organism_annotation	.	88.425	2877	270	10	702	3554	18	2855	0.0	3699
missing_organism_annotation	.	90.100	2707	240	5	18414	21096	18	2720	0.0	3676
missing_organism_annotation	.	96.670	1051	26	4	2859	3907	9381	10424	0.0	1728
missing_organism_annotation	.	90.344	1046	80	7	13773	14813	9381	10410	0.0	1418
missing_organism_annotation	.	91.079	751	39	8	5276	6022	12377	13103	0.0	1041
missing_organism_annotation	.	98.479	526	6	2	17083	17607	8857	9381	0.0	906
missing_organism_annotation	.	90.943	265	9	2	16701	16957	8600	8857	6.45e-105	374
missing_organism_annotation	.	90.090	222	10	2	6132	6341	8636	8857	9.59e-084	304
missing_organism_annotation	.	72.566	339	36	11	10821	11144	7507	7803	1.25e-050	194
